Linux 5.4.0-33-generic (control) 	06/03/2020 	_x86_64_	(2 CPU)

09:50:38 PM  CPU    %usr   %nice    %sys %iowait    %irq   %soft  %steal  %guest  %gnice   %idle
09:50:40 PM  all    3.79    0.00    2.53    0.00    0.00    0.51    0.00    0.00    0.00   93.18
09:50:42 PM  all    4.80    0.00    2.27    0.00    0.00    0.51    0.00    0.00    0.00   92.42
09:50:44 PM  all    4.04    0.00    1.26    0.00    0.00    0.25    0.00    0.00    0.00   94.44
09:50:46 PM  all    5.03    0.00    2.51    0.75    0.00    0.00    0.00    0.00    0.00   91.71
09:50:48 PM  all   25.19    0.00   13.62    0.00    0.00    2.06    0.00    0.00    0.00   59.13
09:50:50 PM  all    7.02    0.00    8.27    0.50    0.00    0.75    0.00    0.00    0.00   83.46
09:50:52 PM  all   16.50    0.00    5.84    0.00    0.00    2.79    0.00    0.00    0.00   74.87
09:50:54 PM  all    4.46    0.00    3.67    0.00    0.00   61.42    0.00    0.00    0.00   30.45
09:50:56 PM  all    2.57    0.00    4.11    0.00    0.00   62.47    0.00    0.00    0.00   30.85
09:50:58 PM  all    3.88    0.00    3.88    0.00    0.00   59.69    0.00    0.00    0.00   32.56
09:51:00 PM  all    3.97    0.00    3.17    0.00    0.00   61.64    0.00    0.00    0.00   31.22
09:51:02 PM  all    4.31    0.00    3.05    0.00    0.00   51.52    0.00    0.00    0.00   41.12
09:51:04 PM  all    3.08    0.00    3.34    0.00    0.00   53.98    0.00    0.00    0.00   39.59
09:51:06 PM  all    2.77    0.00    1.51    0.00    0.00   52.14    0.00    0.00    0.00   43.58
09:51:08 PM  all    2.62    0.00    2.89    0.00    0.00   63.78    0.00    0.00    0.00   30.71
09:51:10 PM  all    4.50    0.00    2.91    0.00    0.00   65.61    0.00    0.00    0.00   26.98
09:51:12 PM  all    6.01    0.00    4.18    0.00    0.00   65.01    0.00    0.00    0.00   24.80
09:51:14 PM  all    4.24    0.00    3.71    0.00    0.00   67.90    0.00    0.00    0.00   24.14
09:51:16 PM  all    2.58    0.00    4.13    0.00    0.00   63.05    0.00    0.00    0.00   30.23
09:51:18 PM  all    4.02    0.00    3.75    0.00    0.00   67.02    0.00    0.00    0.00   25.20
09:51:20 PM  all    4.75    0.00    3.96    0.00    0.00   60.95    0.00    0.00    0.00   30.34
09:51:22 PM  all    4.81    0.00    3.29    0.00    0.00   49.87    0.00    0.00    0.00   42.03
09:51:24 PM  all    2.76    0.00    2.76    0.00    0.00   49.75    0.00    0.00    0.00   44.72
09:51:26 PM  all    2.07    0.00    2.07    0.00    0.00   64.86    0.00    0.00    0.00   31.01
09:51:28 PM  all    3.03    0.00    3.03    0.00    0.00   53.03    0.00    0.00    0.00   40.91
09:51:30 PM  all    4.29    0.00    3.79    0.00    0.00   53.03    0.00    0.00    0.00   38.89
09:51:32 PM  all    4.01    0.00    3.51    0.00    0.00   49.62    0.00    0.00    0.00   42.86
09:51:34 PM  all    3.11    0.00    3.37    0.00    0.00   56.99    0.00    0.00    0.00   36.53
09:51:36 PM  all    3.80    0.00    2.28    0.00    0.00   55.95    0.00    0.00    0.00   37.97
09:51:38 PM  all    2.55    0.00    2.55    0.00    0.00   50.26    0.00    0.00    0.00   44.64
09:51:40 PM  all    5.07    0.00    2.40    0.00    0.00   59.20    0.00    0.00    0.00   33.33
09:51:42 PM  all    4.01    0.00    4.55    0.00    0.00   65.78    0.00    0.00    0.00   25.67
09:51:44 PM  all    3.84    0.00    3.32    0.00    0.00   52.69    0.00    0.00    0.00   40.15
09:51:46 PM  all    2.45    0.00    3.26    0.00    0.00   65.49    0.00    0.00    0.00   28.80
09:51:48 PM  all    3.08    0.00    2.57    0.00    0.00   57.84    0.00    0.00    0.00   36.50
09:51:50 PM  all    3.33    0.00    3.08    0.00    0.00   52.05    0.00    0.00    0.00   41.54
09:51:52 PM  all    4.91    0.00    2.84    0.00    0.00   55.04    0.00    0.00    0.00   37.21
09:51:54 PM  all    3.05    0.00    2.29    0.00    0.00   52.42    0.00    0.00    0.00   42.24
09:51:56 PM  all    2.57    0.00    2.57    0.00    0.00   52.44    0.00    0.00    0.00   42.42
09:51:58 PM  all    2.53    0.00    2.78    0.00    0.00   49.37    0.00    0.00    0.00   45.32
09:52:00 PM  all    4.79    0.00    3.02    0.00    0.00   51.89    0.00    0.00    0.00   40.30
09:52:02 PM  all    4.91    0.00    4.13    0.00    0.00   55.81    0.00    0.00    0.00   35.14
09:52:04 PM  all    3.12    0.00    2.60    0.00    0.00   58.85    0.00    0.00    0.00   35.42
09:52:06 PM  all    3.77    0.00    3.23    0.00    0.00   66.58    0.00    0.00    0.00   26.42
09:52:08 PM  all    3.48    0.00    3.21    0.00    0.00   66.84    0.00    0.00    0.00   26.47
09:52:10 PM  all    4.92    0.00    3.37    0.00    0.00   58.55    0.00    0.00    0.00   33.16
09:52:12 PM  all    3.14    0.00    4.71    0.00    0.00   64.92    0.00    0.00    0.00   27.23
09:52:14 PM  all    4.08    0.00    3.26    0.00    0.00   66.58    0.00    0.00    0.00   26.09
09:52:16 PM  all    2.86    0.00    3.91    0.26    0.00   66.15    0.00    0.00    0.00   26.82
09:52:18 PM  all    3.39    0.00    2.34    0.00    0.00   61.46    0.00    0.00    0.00   32.81
09:52:20 PM  all    2.93    0.00    3.73    0.00    0.00   66.13    0.00    0.00    0.00   27.20
09:52:22 PM  all    4.23    0.00    4.76    0.00    0.00   66.14    0.00    0.00    0.00   24.87
09:52:24 PM  all    2.89    0.00    3.15    0.26    0.00   61.68    0.00    0.00    0.00   32.02
09:52:26 PM  all    2.89    0.00    2.63    0.00    0.00   67.11    0.00    0.00    0.00   27.37
09:52:28 PM  all    2.79    0.00    3.05    0.00    0.00   51.27    0.00    0.00    0.00   42.89
09:52:30 PM  all    4.75    0.00    4.22    0.00    0.00   66.23    0.00    0.00    0.00   24.80
09:52:32 PM  all    6.57    0.00    3.79    0.00    0.00   47.98    0.00    0.00    0.00   41.67
09:52:34 PM  all    8.86    0.00    4.56    0.00    0.00    0.25    0.00    0.00    0.00   86.33
09:52:36 PM  all    3.86    0.00    1.80    0.00    0.00    0.26    0.00    0.00    0.00   94.09
09:52:38 PM  all    3.99    0.00    3.24    0.25    0.00    0.75    0.00    0.00    0.00   91.77
09:52:40 PM  all    5.28    0.00    3.02    0.00    0.00    0.75    0.00    0.00    0.00   90.95
09:52:42 PM  all    5.09    0.00    3.56    0.00    0.00    0.51    0.00    0.00    0.00   90.84
09:52:44 PM  all    4.90    0.00    3.35    0.00    0.00    0.52    0.00    0.00    0.00   91.24
09:52:46 PM  all    3.80    0.00    1.27    0.00    0.00    0.51    0.00    0.00    0.00   94.43
09:52:48 PM  all    7.75    0.00    2.84    0.00    0.00    1.03    0.00    0.00    0.00   88.37
09:52:50 PM  all    3.85    0.00    2.82    0.00    0.00    0.77    0.00    0.00    0.00   92.56
09:52:52 PM  all    5.49    0.00    3.24    0.00    0.00    0.50    0.00    0.00    0.00   90.77
09:52:54 PM  all    3.83    0.00    2.30    0.00    0.00    0.00    0.00    0.00    0.00   93.88
09:52:56 PM  all    5.68    0.00    4.94    0.00    0.00    0.25    0.00    0.00    0.00   89.14
09:52:58 PM  all    4.28    0.00    3.78    0.00    0.00    0.25    0.00    0.00    0.00   91.69
09:53:00 PM  all    3.85    0.00    4.10    0.00    0.00    0.26    0.00    0.00    0.00   91.79
09:53:02 PM  all    5.09    0.00    3.56    0.00    0.00    0.51    0.00    0.00    0.00   90.84
09:53:04 PM  all    3.33    0.00    2.31    0.00    0.00    0.26    0.00    0.00    0.00   94.10
09:53:06 PM  all    4.36    0.00    1.54    0.00    0.00    0.26    0.00    0.00    0.00   93.85
09:53:08 PM  all    3.32    0.00    2.55    0.00    0.00    0.51    0.00    0.00    0.00   93.62
09:53:10 PM  all    5.81    0.00    3.03    0.00    0.00    0.76    0.00    0.00    0.00   90.40
09:53:12 PM  all    6.05    0.00    3.27    0.25    0.00    0.50    0.00    0.00    0.00   89.92
09:53:14 PM  all    5.29    0.00    3.27    0.00    0.00    0.50    0.00    0.00    0.00   90.93
09:53:16 PM  all    3.28    0.00    2.53    0.00    0.00    0.25    0.00    0.00    0.00   93.94
09:53:18 PM  all    2.56    0.00    2.56    0.00    0.00    0.00    0.00    0.00    0.00   94.87
09:53:20 PM  all    4.51    0.00    3.76    0.00    0.00    0.25    0.00    0.00    0.00   91.48
09:53:22 PM  all    4.34    0.00    3.83    0.00    0.00    0.26    0.00    0.00    0.00   91.58
09:53:24 PM  all    4.28    0.00    3.27    0.00    0.00    0.76    0.00    0.00    0.00   91.69
09:53:26 PM  all    3.27    0.00    2.26    0.00    0.00    0.50    0.00    0.00    0.00   93.97
09:53:28 PM  all    4.48    0.00    4.23    0.00    0.00    0.50    0.00    0.00    0.00   90.80
09:53:30 PM  all    4.87    0.00    3.85    0.26    0.00    0.26    0.00    0.00    0.00   90.77
09:53:32 PM  all    5.56    0.00    3.28    0.00    0.00    0.25    0.00    0.00    0.00   90.91
09:53:34 PM  all    4.34    0.00    2.81    0.00    0.00    0.26    0.00    0.00    0.00   92.60
09:53:36 PM  all    2.98    0.00    3.97    0.00    0.00    0.50    0.00    0.00    0.00   92.56
09:53:38 PM  all    4.10    0.00    1.54    0.00    0.00    0.00    0.00    0.00    0.00   94.36
09:53:40 PM  all    5.58    0.00    4.06    0.00    0.00    0.76    0.00    0.00    0.00   89.59
09:53:42 PM  all    5.30    0.00    3.03    0.00    0.00    0.25    0.00    0.00    0.00   91.41
09:53:44 PM  all    4.85    0.00    4.08    0.00    0.00    0.77    0.00    0.00    0.00   90.31
09:53:46 PM  all    3.08    0.00    1.54    0.00    0.00    0.51    0.00    0.00    0.00   94.87
09:53:48 PM  all    3.04    0.00    2.28    0.00    0.00    0.25    0.00    0.00    0.00   94.43
09:53:50 PM  all    5.54    0.00    3.78    0.00    0.00    0.25    0.00    0.00    0.00   90.43
09:53:52 PM  all    5.32    0.00    2.53    0.00    0.00    0.51    0.00    0.00    0.00   91.65
09:53:54 PM  all    3.54    0.00    3.03    0.00    0.00    0.25    0.00    0.00    0.00   93.18
09:53:56 PM  all    3.07    0.00    1.02    0.00    0.00    0.26    0.00    0.00    0.00   95.65
09:53:58 PM  all    4.76    0.00    4.76    0.00    0.00    1.00    0.00    0.00    0.00   89.47
09:54:00 PM  all    4.36    0.00    4.87    0.00    0.00    0.26    0.00    0.00    0.00   90.51
09:54:02 PM  all    5.34    0.00    3.05    0.00    0.00    0.25    0.00    0.00    0.00   91.35
09:54:04 PM  all    4.57    0.00    2.79    0.00    0.00    0.00    0.00    0.00    0.00   92.64
09:54:06 PM  all    4.03    0.00    1.51    0.00    0.00    0.50    0.00    0.00    0.00   93.95
09:54:08 PM  all    4.29    0.00    2.53    0.00    0.00    0.51    0.00    0.00    0.00   92.68
09:54:10 PM  all    4.83    0.00    3.05    0.00    0.00    0.00    0.00    0.00    0.00   92.11
09:54:12 PM  all    5.01    0.00    4.76    0.00    0.00    0.25    0.00    0.00    0.00   89.97
09:54:14 PM  all   10.30    0.00    4.27    0.25    0.00    1.01    0.00    0.00    0.00   84.17
09:54:16 PM  all    3.01    0.00    1.25    0.25    0.00    0.00    0.00    0.00    0.00   95.49
09:54:18 PM  all    2.01    0.00    2.26    0.00    0.00    0.25    0.00    0.00    0.00   95.49
09:54:20 PM  all    4.03    0.00    2.52    0.00    0.00    0.25    0.00    0.00    0.00   93.20
09:54:22 PM  all    3.52    0.00    3.77    0.00    0.00    0.50    0.00    0.00    0.00   92.21
09:54:24 PM  all    3.24    0.00    2.24    0.00    0.00    0.50    0.00    0.00    0.00   94.01
09:54:26 PM  all    2.78    0.00    1.27    0.00    0.00    0.25    0.00    0.00    0.00   95.70
09:54:28 PM  all    2.02    0.00    2.02    0.00    0.00    0.25    0.00    0.00    0.00   95.72
09:54:30 PM  all    4.02    0.00    2.76    0.00    0.00    0.50    0.00    0.00    0.00   92.71
09:54:32 PM  all    4.52    0.00    3.02    0.00    0.00    0.25    0.00    0.00    0.00   92.21
09:54:34 PM  all    2.78    0.00    2.27    0.00    0.00    0.00    0.00    0.00    0.00   94.95
09:54:36 PM  all    2.78    0.00    1.01    0.00    0.00    0.25    0.00    0.00    0.00   95.95
09:54:38 PM  all    2.53    0.00    1.01    0.00    0.00    0.25    0.00    0.00    0.00   96.21
09:54:40 PM  all    3.79    0.00    3.54    0.00    0.00    0.00    0.00    0.00    0.00   92.68
09:54:42 PM  all    4.73    0.00    2.74    0.00    0.00    0.75    0.00    0.00    0.00   91.79
09:54:44 PM  all    3.75    0.00    2.50    0.00    0.00    0.50    0.00    0.00    0.00   93.25
09:54:46 PM  all    2.78    0.00    1.01    0.00    0.00    0.51    0.00    0.00    0.00   95.71
09:54:48 PM  all    5.78    0.00    2.26    0.00    0.00    0.50    0.00    0.00    0.00   91.46
09:54:50 PM  all    4.03    0.00    2.52    0.00    0.00    0.76    0.00    0.00    0.00   92.70
09:54:52 PM  all    4.28    0.00    3.27    0.00    0.00    0.50    0.00    0.00    0.00   91.94
09:54:54 PM  all    2.52    0.00    3.27    0.00    0.00    0.25    0.00    0.00    0.00   93.95
09:54:56 PM  all    2.54    0.00    1.02    0.00    0.00    0.25    0.00    0.00    0.00   96.19
09:54:58 PM  all    2.97    0.00    1.98    0.25    0.00    0.50    0.00    0.00    0.00   94.31
09:55:00 PM  all    4.06    0.00    2.28    0.00    0.00    0.25    0.00    0.00    0.00   93.40
09:55:02 PM  all    4.50    0.00    3.00    0.00    0.00    0.50    0.00    0.00    0.00   92.00
09:55:04 PM  all    2.76    0.00    2.76    0.00    0.00    0.25    0.00    0.00    0.00   94.24
09:55:06 PM  all    2.48    0.00    2.73    0.00    0.00    0.74    0.00    0.00    0.00   94.04
09:55:08 PM  all    2.01    0.00    2.01    0.25    0.00    0.25    0.00    0.00    0.00   95.49
09:55:10 PM  all    4.51    0.00    2.51    0.00    0.00    0.25    0.00    0.00    0.00   92.73
09:55:12 PM  all    4.02    0.00    3.77    0.00    0.00    0.25    0.00    0.00    0.00   91.96
09:55:14 PM  all    2.78    0.00    2.27    0.00    0.00    0.00    0.00    0.00    0.00   94.95
09:55:16 PM  all    3.47    0.00    2.48    0.00    0.00    0.50    0.00    0.00    0.00   93.56
09:55:18 PM  all    2.24    0.00    1.75    0.00    0.00    0.75    0.00    0.00    0.00   95.26
09:55:20 PM  all    4.35    0.00    2.81    0.00    0.00    0.51    0.00    0.00    0.00   92.33
09:55:22 PM  all    4.02    0.00    2.76    0.00    0.00    0.00    0.00    0.00    0.00   93.22
09:55:24 PM  all    2.49    0.00    2.49    0.00    0.00    1.00    0.00    0.00    0.00   94.01
09:55:26 PM  all    2.02    0.00    1.76    0.00    0.00    0.00    0.00    0.00    0.00   96.22
09:55:28 PM  all    2.53    0.00    1.52    0.00    0.00    0.00    0.00    0.00    0.00   95.96
09:55:30 PM  all    5.53    0.00    2.26    0.00    0.00    0.25    0.00    0.00    0.00   91.96
09:55:32 PM  all    4.27    0.00    2.51    0.00    0.00    0.25    0.00    0.00    0.00   92.96
09:55:34 PM  all    2.26    0.00    3.01    0.00    0.00    0.00    0.00    0.00    0.00   94.74
09:55:36 PM  all    2.48    0.00    2.48    0.00    0.00    0.74    0.00    0.00    0.00   94.29
09:55:38 PM  all    3.05    0.00    1.52    0.00    0.00    0.25    0.00    0.00    0.00   95.18
09:55:40 PM  all    3.74    0.00    3.74    0.00    0.00    1.00    0.00    0.00    0.00   91.52
09:55:42 PM  all    4.26    0.00    2.76    0.00    0.00    0.50    0.00    0.00    0.00   92.48
09:55:44 PM  all    2.24    0.00    3.48    0.00    0.00    0.50    0.00    0.00    0.00   93.78
09:55:46 PM  all    4.21    0.00    2.72    0.00    0.00    0.25    0.00    0.00    0.00   92.82
09:55:48 PM  all    2.25    0.00    2.00    0.25    0.00    0.00    0.00    0.00    0.00   95.50
09:55:50 PM  all    4.27    0.00    3.02    0.00    0.00    0.00    0.00    0.00    0.00   92.71
09:55:52 PM  all    2.78    0.00    3.29    0.00    0.00    0.51    0.00    0.00    0.00   93.42
09:55:54 PM  all   11.00    0.00    6.75    0.00    0.00    0.75    0.00    0.00    0.00   81.50
09:55:56 PM  all   10.97    0.00    6.89    0.00    0.00    0.51    0.00    0.00    0.00   81.63
09:55:58 PM  all    3.00    0.00    2.75    0.25    0.00    0.50    0.00    0.00    0.00   93.50
09:56:00 PM  all    3.05    0.00    3.30    0.00    0.00    0.00    0.00    0.00    0.00   93.65
09:56:02 PM  all    4.28    0.00    3.02    0.00    0.00    0.50    0.00    0.00    0.00   92.19
09:56:04 PM  all    3.74    0.00    2.00    0.00    0.00    0.75    0.00    0.00    0.00   93.52
09:56:06 PM  all    2.74    0.00    2.24    0.00    0.00    0.00    0.00    0.00    0.00   95.01
09:56:08 PM  all    3.26    0.00    1.50    0.00    0.00    0.25    0.00    0.00    0.00   94.99
09:56:10 PM  all    4.21    0.00    3.47    0.00    0.00    0.50    0.00    0.00    0.00   91.83
Average:     all    4.22    0.00    3.07    0.02    0.00   17.66    0.00    0.00    0.00   75.03
