Linux 5.4.0-33-generic (node1) 	06/03/2020 	_x86_64_	(2 CPU)

09:50:39 PM  CPU    %usr   %nice    %sys %iowait    %irq   %soft  %steal  %guest  %gnice   %idle
09:50:41 PM  all    2.02    0.00    1.76    0.00    0.00    0.25    0.00    0.00    0.00   95.97
09:50:43 PM  all    0.50    0.00    0.25    0.00    0.00    0.00    0.00    0.00    0.00   99.24
09:50:45 PM  all    2.02    0.00    1.51    0.00    0.00    0.00    0.00    0.00    0.00   96.47
09:50:47 PM  all   12.24    0.00   13.27    0.26    0.00    0.51    0.00    0.00    0.00   73.72
09:50:49 PM  all    5.79    0.00    6.30    0.00    0.00    1.01    0.00    0.00    0.00   86.90
09:50:51 PM  all    4.05    0.00    4.05    0.00    0.00    0.25    0.00    0.00    0.00   91.65
09:50:53 PM  all    1.02    0.00    2.80    0.00    0.00   27.23    0.00    0.00    0.00   68.96
09:50:55 PM  all    2.80    0.00    5.09    0.00    0.00   44.27    0.00    0.00    0.00   47.84
09:50:57 PM  all    1.80    0.00    3.61    0.00    0.00   50.26    0.00    0.00    0.00   44.33
09:50:59 PM  all    1.29    0.00    5.41    0.00    0.00   44.59    0.00    0.00    0.00   48.71
09:51:01 PM  all    3.50    0.00    3.75    0.00    0.00   41.75    0.00    0.00    0.00   51.00
09:51:03 PM  all    1.24    0.00    3.47    0.00    0.00   37.72    0.00    0.00    0.00   57.57
09:51:05 PM  all    3.35    0.00    3.61    0.00    0.00   40.72    0.00    0.00    0.00   52.32
09:51:07 PM  all    0.78    0.00    4.40    0.00    0.00   41.19    0.00    0.00    0.00   53.63
09:51:09 PM  all    2.28    0.00    4.05    0.00    0.00   49.37    0.00    0.00    0.00   44.30
09:51:11 PM  all    3.48    0.00    3.23    0.00    0.00   45.52    0.00    0.00    0.00   47.76
09:51:13 PM  all    1.79    0.00    4.08    0.00    0.00   47.45    0.00    0.00    0.00   46.68
09:51:15 PM  all    3.35    0.00    5.41    0.00    0.00   47.16    0.00    0.00    0.00   44.07
09:51:17 PM  all    2.53    0.00    4.29    0.00    0.00   46.21    0.00    0.00    0.00   46.97
09:51:19 PM  all    1.50    0.00    5.01    0.00    0.00   44.36    0.00    0.00    0.00   49.12
09:51:21 PM  all    3.98    0.00    6.10    0.00    0.00   41.38    0.00    0.00    0.00   48.54
09:51:23 PM  all    2.06    0.00    3.60    0.00    0.00   41.39    0.00    0.00    0.00   52.96
09:51:25 PM  all    3.00    0.00    5.50    0.00    0.00   40.75    0.00    0.00    0.00   50.75
09:51:27 PM  all    1.03    0.00    3.33    0.00    0.00   42.31    0.00    0.00    0.00   53.33
09:51:29 PM  all    1.78    0.00    3.56    0.00    0.00   40.20    0.00    0.00    0.00   54.45
09:51:31 PM  all    2.76    0.00    5.01    0.00    0.00   42.36    0.00    0.00    0.00   49.87
09:51:33 PM  all    0.99    0.00    4.96    0.00    0.00   39.21    0.00    0.00    0.00   54.84
09:51:35 PM  all    3.90    0.00    5.45    0.00    0.00   46.49    0.00    0.00    0.00   44.16
09:51:37 PM  all    2.34    0.00    4.94    0.00    0.00   41.82    0.00    0.00    0.00   50.91
09:51:39 PM  all    1.79    0.00    4.34    0.00    0.00   44.13    0.00    0.00    0.00   49.74
09:51:41 PM  all    3.58    0.00    5.37    0.00    0.00   43.99    0.00    0.00    0.00   47.06
09:51:43 PM  all    1.57    0.00    2.62    0.00    0.00   45.41    0.00    0.00    0.00   50.39
09:51:45 PM  all    3.25    0.00    4.00    0.00    0.00   43.75    0.00    0.00    0.00   49.00
09:51:47 PM  all    2.04    0.00    4.07    0.00    0.00   45.04    0.00    0.00    0.00   48.85
09:51:49 PM  all    1.30    0.00    5.47    0.00    0.00   39.06    0.00    0.00    0.00   54.17
09:51:51 PM  all    3.30    0.00    5.84    0.00    0.00   40.36    0.00    0.00    0.00   50.51
09:51:53 PM  all    1.80    0.00    5.14    0.00    0.00   42.42    0.00    0.00    0.00   50.64
09:51:55 PM  all    2.31    0.00    4.63    0.00    0.00   42.67    0.00    0.00    0.00   50.39
09:51:57 PM  all    1.60    0.00    5.07    0.00    0.00   41.87    0.00    0.00    0.00   51.47
09:51:59 PM  all    1.28    0.00    3.57    0.00    0.00   40.82    0.00    0.00    0.00   54.34
09:52:01 PM  all    3.66    0.00    6.02    0.00    0.00   42.67    0.00    0.00    0.00   47.64
09:52:03 PM  all    0.77    0.00    3.32    0.26    0.00   41.69    0.00    0.00    0.00   53.96
09:52:05 PM  all    3.63    0.00    4.60    0.00    0.00   43.34    0.00    0.00    0.00   48.43
09:52:07 PM  all    1.73    0.00    2.47    0.00    0.00   44.69    0.00    0.00    0.00   51.11
09:52:09 PM  all    1.05    0.00    3.68    0.00    0.00   45.26    0.00    0.00    0.00   50.00
09:52:11 PM  all    3.55    0.00    5.58    0.00    0.00   48.48    0.00    0.00    0.00   42.39
09:52:13 PM  all    2.02    0.00    3.54    0.00    0.00   44.19    0.00    0.00    0.00   50.25
09:52:15 PM  all    3.79    0.00    4.80    0.00    0.00   46.46    0.00    0.00    0.00   44.95
09:52:17 PM  all    2.28    0.00    4.06    0.00    0.00   43.91    0.00    0.00    0.00   49.75
09:52:19 PM  all    1.97    0.00    4.19    0.00    0.00   43.10    0.00    0.00    0.00   50.74
09:52:21 PM  all    3.04    0.00    6.08    0.00    0.00   45.57    0.00    0.00    0.00   45.32
09:52:23 PM  all    2.11    0.00    3.95    0.00    0.00   48.42    0.00    0.00    0.00   45.53
09:52:25 PM  all    3.05    0.00    5.09    0.00    0.00   44.53    0.00    0.00    0.00   47.33
09:52:27 PM  all    1.53    0.00    4.34    0.00    0.00   41.07    0.00    0.00    0.00   53.06
09:52:29 PM  all    1.50    0.00    3.51    0.00    0.00   44.36    0.00    0.00    0.00   50.63
09:52:31 PM  all    2.78    0.00    4.81    0.00    0.00   45.32    0.00    0.00    0.00   47.09
09:52:33 PM  all    1.56    0.00    2.08    0.00    0.00   32.99    0.00    0.00    0.00   63.38
09:52:35 PM  all    2.76    0.00    4.51    0.00    0.00   45.86    0.00    0.00    0.00   46.87
09:52:37 PM  all    2.81    0.00    4.86    0.00    0.00   41.69    0.00    0.00    0.00   50.64
09:52:39 PM  all    2.64    0.00    3.96    0.00    0.00   40.37    0.00    0.00    0.00   53.03
09:52:41 PM  all    5.53    0.00    5.53    0.00    0.00   38.42    0.00    0.00    0.00   50.53
09:52:43 PM  all    1.30    0.00    3.89    0.00    0.00   41.19    0.00    0.00    0.00   53.63
09:52:45 PM  all    2.56    0.00    5.38    0.00    0.00   45.13    0.00    0.00    0.00   46.92
09:52:47 PM  all    2.58    0.00    4.38    0.00    0.00   42.01    0.00    0.00    0.00   51.03
09:52:49 PM  all    1.55    0.00    3.88    0.00    0.00   41.86    0.00    0.00    0.00   52.71
09:52:51 PM  all    3.03    0.00    5.05    0.00    0.00   40.40    0.00    0.00    0.00   51.52
09:52:53 PM  all    1.04    0.00    3.89    0.00    0.00   44.82    0.00    0.00    0.00   50.26
09:52:55 PM  all    3.27    0.00    5.29    0.00    0.00   45.59    0.00    0.00    0.00   45.84
09:52:57 PM  all    1.52    0.00    4.56    0.00    0.00   41.01    0.00    0.00    0.00   52.91
09:52:59 PM  all    2.05    0.00    5.37    0.00    0.00   45.78    0.00    0.00    0.00   46.80
09:53:01 PM  all    3.63    0.00    6.22    0.00    0.00   46.63    0.00    0.00    0.00   43.52
09:53:03 PM  all    1.00    0.00    3.50    0.00    0.00   46.50    0.00    0.00    0.00   49.00
09:53:05 PM  all    2.94    0.00    5.39    0.00    0.00   41.91    0.00    0.00    0.00   49.75
09:53:07 PM  all    2.82    0.00    4.62    0.00    0.00   45.38    0.00    0.00    0.00   47.18
09:53:09 PM  all    2.00    0.00    3.25    0.00    0.00   42.50    0.00    0.00    0.00   52.25
09:53:11 PM  all    4.25    0.00    7.00    0.00    0.00   44.00    0.00    0.00    0.00   44.75
09:53:13 PM  all    2.53    0.00    4.05    0.00    0.00   46.84    0.00    0.00    0.00   46.58
09:53:15 PM  all    3.81    0.00    4.82    0.00    0.00   43.91    0.00    0.00    0.00   47.46
09:53:17 PM  all    2.24    0.00    3.99    0.00    0.00   44.39    0.00    0.00    0.00   49.38
09:53:19 PM  all    2.03    0.00    3.80    0.00    0.00   40.76    0.00    0.00    0.00   53.42
09:53:21 PM  all    2.55    0.00    6.38    0.00    0.00   39.29    0.00    0.00    0.00   51.79
09:53:23 PM  all    1.00    0.00    4.00    0.00    0.00   44.25    0.00    0.00    0.00   50.75
09:53:25 PM  all    3.11    0.00    5.70    0.00    0.00   41.19    0.00    0.00    0.00   50.00
09:53:27 PM  all    2.20    0.00    4.63    0.00    0.00   42.68    0.00    0.00    0.00   50.49
09:53:29 PM  all    0.98    0.00    5.37    0.00    0.00   40.73    0.00    0.00    0.00   52.93
09:53:31 PM  all    3.29    0.00    5.06    0.00    0.00   43.04    0.00    0.00    0.00   48.61
09:53:33 PM  all    1.77    0.00    3.29    0.00    0.00   44.56    0.00    0.00    0.00   50.38
09:53:35 PM  all    3.02    0.00    4.79    0.00    0.00   47.36    0.00    0.00    0.00   44.84
09:53:37 PM  all    2.02    0.00    3.53    0.00    0.00   41.06    0.00    0.00    0.00   53.40
09:53:39 PM  all    1.74    0.00    3.23    0.00    0.00   47.01    0.00    0.00    0.00   48.01
09:53:41 PM  all    4.33    0.00    4.58    0.00    0.00   46.31    0.00    0.00    0.00   44.78
09:53:43 PM  all    2.57    0.00    4.11    0.00    0.00   47.56    0.00    0.00    0.00   45.76
09:53:45 PM  all    4.30    0.00    5.57    0.00    0.00   43.80    0.00    0.00    0.00   46.33
09:53:47 PM  all    1.78    0.00    3.30    0.00    0.00   43.40    0.00    0.00    0.00   51.52
09:53:49 PM  all    1.49    0.00    3.23    0.00    0.00   43.67    0.00    0.00    0.00   51.61
09:53:51 PM  all    2.50    0.00    5.00    0.00    0.00   42.75    0.00    0.00    0.00   49.75
09:53:53 PM  all    1.77    0.00    3.83    0.00    0.00   37.76    0.00    0.00    0.00   56.64
09:53:55 PM  all    2.15    0.00    4.84    0.00    0.00   41.40    0.00    0.00    0.00   51.61
09:53:57 PM  all    1.90    0.00    3.52    0.00    0.00   41.73    0.00    0.00    0.00   52.85
09:53:59 PM  all    2.14    0.00    6.43    0.00    0.00   41.55    0.00    0.00    0.00   49.87
09:54:01 PM  all    3.13    0.00    5.48    0.00    0.00   44.39    0.00    0.00    0.00   47.00
09:54:03 PM  all    1.02    0.00    5.09    0.00    0.00   45.55    0.00    0.00    0.00   48.35
09:54:05 PM  all    2.23    0.00    4.22    0.00    0.00   40.69    0.00    0.00    0.00   52.85
09:54:07 PM  all    1.99    0.00    3.73    0.00    0.00   44.03    0.00    0.00    0.00   50.25
09:54:09 PM  all    2.63    0.00    5.00    0.00    0.00   43.68    0.00    0.00    0.00   48.68
09:54:11 PM  all    4.19    0.00    5.50    0.00    0.00   40.05    0.00    0.00    0.00   50.26
09:54:13 PM  all    2.26    0.00    8.29    0.00    0.00   37.69    0.00    0.00    0.00   51.76
09:54:15 PM  all    6.74    0.00   46.11    0.00    0.00   34.46    0.00    0.00    0.00   12.69
09:54:17 PM  all    4.29    0.00   45.04    0.00    0.00   38.07    0.00    0.00    0.00   12.60
09:54:19 PM  all    5.29    0.00   47.09    0.26    0.00   35.19    0.00    0.00    0.00   12.17
09:54:21 PM  all    5.73    0.00   47.66    0.00    0.00   34.11    0.00    0.00    0.00   12.50
09:54:23 PM  all    4.00    0.00   45.60    0.00    0.00   37.33    0.00    0.00    0.00   13.07
09:54:25 PM  all    5.22    0.00   47.78    0.00    0.00   34.73    0.00    0.00    0.00   12.27
09:54:27 PM  all    4.50    0.00   45.77    0.00    0.00   36.24    0.00    0.00    0.00   13.49
09:54:29 PM  all    4.46    0.00   48.03    0.00    0.00   34.65    0.00    0.00    0.00   12.86
09:54:31 PM  all    4.88    0.00   50.13    0.00    0.00   32.65    0.00    0.00    0.00   12.34
09:54:33 PM  all    4.37    0.00   48.84    0.00    0.00   34.19    0.00    0.00    0.00   12.60
09:54:35 PM  all    5.10    0.00   51.28    0.00    0.00   31.38    0.00    0.00    0.00   12.24
09:54:37 PM  all    4.53    0.00   49.62    0.00    0.00   32.75    0.00    0.00    0.00   13.10
09:54:39 PM  all    3.54    0.00   52.41    0.00    0.00   31.90    0.00    0.00    0.00   12.15
09:54:41 PM  all    5.36    0.00   49.74    0.00    0.00   33.42    0.00    0.00    0.00   11.48
09:54:43 PM  all    4.12    0.00   47.68    0.00    0.00   35.57    0.00    0.00    0.00   12.63
09:54:45 PM  all    5.63    0.00   45.31    0.00    0.00   35.66    0.00    0.00    0.00   13.40
09:54:47 PM  all    5.50    0.00   43.72    0.00    0.00   37.43    0.00    0.00    0.00   13.35
09:54:49 PM  all    3.41    0.00   48.03    0.00    0.00   35.70    0.00    0.00    0.00   12.86
09:54:51 PM  all    4.65    0.00   46.77    0.00    0.00   35.14    0.00    0.00    0.00   13.44
09:54:53 PM  all    4.42    0.00   45.45    0.00    0.00   37.14    0.00    0.00    0.00   12.99
09:54:55 PM  all    5.32    0.00   45.74    0.00    0.00   36.44    0.00    0.00    0.00   12.50
09:54:57 PM  all    5.48    0.00   44.39    0.00    0.00   36.29    0.00    0.00    0.00   13.84
09:54:59 PM  all    4.61    0.00   43.90    0.00    0.00   38.75    0.00    0.00    0.00   12.74
09:55:01 PM  all    4.12    0.00   48.20    0.00    0.00   35.05    0.00    0.00    0.00   12.63
09:55:03 PM  all    3.71    0.00   45.09    0.00    0.00   38.46    0.00    0.00    0.00   12.73
09:55:05 PM  all    5.15    0.00   46.34    0.00    0.00   35.77    0.00    0.00    0.00   12.74
09:55:07 PM  all    3.93    0.00   47.64    0.00    0.00   35.34    0.00    0.00    0.00   13.09
09:55:09 PM  all    3.89    0.00   46.37    0.00    0.00   38.08    0.00    0.00    0.00   11.66
09:55:11 PM  all    3.47    0.00   44.27    0.00    0.00   39.47    0.00    0.00    0.00   12.80
09:55:13 PM  all    4.23    0.00   46.03    0.00    0.00   36.24    0.00    0.00    0.00   13.49
09:55:15 PM  all    4.27    0.00   45.60    0.00    0.00   37.33    0.00    0.00    0.00   12.80
09:55:17 PM  all    3.75    0.00   44.24    0.00    0.00   38.61    0.00    0.00    0.00   13.40
09:55:19 PM  all    4.46    0.00   46.19    0.00    0.00   36.22    0.00    0.00    0.00   13.12
09:55:21 PM  all    5.31    0.00   42.71    0.00    0.00   38.73    0.00    0.00    0.00   13.26
09:55:23 PM  all    3.69    0.00   49.87    0.00    0.00   33.77    0.00    0.00    0.00   12.66
09:55:25 PM  all    5.01    0.00   44.06    0.00    0.00   38.52    0.00    0.00    0.00   12.40
09:55:27 PM  all    3.51    0.00   44.86    0.00    0.00   38.92    0.00    0.00    0.00   12.70
09:55:29 PM  all    4.99    0.00   48.29    0.00    0.00   34.91    0.00    0.00    0.00   11.81
09:55:31 PM  all    5.51    0.00   45.67    0.00    0.00   36.48    0.00    0.00    0.00   12.34
09:55:33 PM  all    4.52    0.00   44.68    0.00    0.00   37.50    0.00    0.00    0.00   13.30
09:55:35 PM  all    4.59    0.00   44.32    0.00    0.00   38.38    0.00    0.00    0.00   12.70
09:55:37 PM  all    5.24    0.00   45.29    0.00    0.00   34.82    0.00    0.00    0.00   14.66
09:55:39 PM  all    4.23    0.00   44.71    0.00    0.00   38.89    0.00    0.00    0.00   12.17
09:55:41 PM  all    5.26    0.00   46.05    0.00    0.00   36.84    0.00    0.00    0.00   11.84
09:55:43 PM  all    3.23    0.00   46.51    0.00    0.00   36.83    0.00    0.00    0.00   13.44
09:55:45 PM  all    4.11    0.00   44.38    0.00    0.00   38.36    0.00    0.00    0.00   13.15
09:55:47 PM  all    4.29    0.00   45.04    0.00    0.00   38.34    0.00    0.00    0.00   12.33
09:55:49 PM  all    4.22    0.00   44.06    0.00    0.00   39.84    0.00    0.00    0.00   11.87
09:55:51 PM  all    4.56    0.00   43.70    0.00    0.00   39.14    0.00    0.00    0.00   12.60
09:55:53 PM  all    6.38    0.00   41.49    0.00    0.00   32.18    0.00    0.00    0.00   19.95
09:55:55 PM  all    7.91    0.00    8.16    0.00    0.00    0.26    0.00    0.00    0.00   83.67
09:55:57 PM  all    6.63    0.00    5.36    0.00    0.00    0.26    0.00    0.00    0.00   87.76
09:55:59 PM  all    1.25    0.00    2.24    0.00    0.00    0.25    0.00    0.00    0.00   96.26
09:56:01 PM  all    1.77    0.00    1.77    0.00    0.00    0.25    0.00    0.00    0.00   96.21
09:56:03 PM  all    1.25    0.00    1.25    0.00    0.00    0.00    0.00    0.00    0.00   97.51
09:56:06 PM  all    2.75    0.00    1.25    0.25    0.00    0.00    0.00    0.00    0.00   95.75
09:56:08 PM  all    1.01    0.00    0.75    0.00    0.00    0.00    0.00    0.00    0.00   98.24
09:56:10 PM  all    1.75    0.00    0.50    0.00    0.00    0.25    0.00    0.00    0.00   97.49
09:56:12 PM  all    3.45    0.00    2.71    0.00    0.00    0.00    0.00    0.00    0.00   93.84
Average:     all    3.15    0.00   16.70    0.01    0.00   37.12    0.00    0.00    0.00   43.01
